# This file may be used to create an environment using:
# $ conda create --name <env> --file <this file>
# platform: win-64
pip=21.3.1=pyhd8ed1ab_0
portaudio=19.6.0=he774522_4
pyaudio=0.2.11=py36he774522_2
python=3.6.9=he025d50_0_cpython
python_abi=3.6=2_cp36m
setuptools=58.0.4=py36ha15d459_2
speechrecognition=3.7.1=py36ha15d459_3
ucrt=10.0.20348.0=h57928b3_0
vc=14.2=hb210afc_5
vs2015_runtime=14.29.30037=h902a5da_5
wheel=0.37.0=pyhd8ed1ab_1